url_path,views_total,views_unique
/CSAFE-ISU/handwriter,29,26
/CSAFE-ISU/handwriter/blob/master/R/RcppExports.R,1,1
/CSAFE-ISU/handwriter/blob/master/handwriter.Rproj,1,1
/CSAFE-ISU/handwriter/blob/master/man/figures/README-unnamed-chunk-12-1.png,1,1
/CSAFE-ISU/handwriter/branches,1,1
/CSAFE-ISU/handwriter/commit/f03e10995c03195ac0c477fd1f499b51efdeb163,1,1
/CSAFE-ISU/handwriter/issues,1,1
/CSAFE-ISU/handwriter/issues/93,1,1
/CSAFE-ISU/handwriter/pull/130/commits,1,1
/CSAFE-ISU/handwriter/tree/master/R,1,1
